1653386041282 0.36 100
1653386049996 0.36 100
1653386132916 0.72 200
1653386141599 0.72 200
1653386224581 1.08 300
1653386233268 1.08 300
1653386316584 1.43 400
1653386325314 1.43 400
1653386409189 1.79 500
1653386417942 1.79 500
1653386510782 2.15 600
1653386519501 2.15 600
1653386603383 2.51 700
1653386612121 2.51 700
1653386696070 2.87 800
1653386704815 2.87 800
1653386788649 3.23 900
1653386797400 3.23 900
1653386881313 3.58 1000
1653386890067 3.58 1000
1653386984340 3.94 1100
1653386993050 3.94 1100
1653387076656 4.3 1200
1653387085379 4.3 1200
1653387169020 4.66 1300
1653387177757 4.66 1300
1653387261216 5.02 1400
1653387269944 5.02 1400
1653387353685 5.38 1500
1653387362405 5.38 1500
1653387373458 5.38 1500
1653387382319 5.38 1500
