1653386041282 9.333333333333334e-06 100
1653386132916 8.666666666666668e-06 200
1653386224581 8.000000000000001e-06 300
1653386316584 7.333333333333333e-06 400
1653386409189 6.666666666666667e-06 500
1653386510782 6e-06 600
1653386603383 5.333333333333334e-06 700
1653386696070 4.666666666666667e-06 800
1653386788649 4.000000000000001e-06 900
1653386881313 3.3333333333333333e-06 1000
1653386984340 2.666666666666667e-06 1100
1653387076656 2.0000000000000003e-06 1200
1653387169020 1.3333333333333334e-06 1300
1653387261216 6.666666666666667e-07 1400
1653387353685 0.0 1500
