1653389368106 0.11 100
1653389396538 0.11 100
1653389479451 0.22 200
1653389508067 0.22 200
1653389591359 0.32 300
1653389620095 0.32 300
1653389703931 0.43 400
1653389732759 0.43 400
1653389816548 0.54 500
1653389845397 0.54 500
1653389938958 0.65 600
1653389967737 0.65 600
1653390051586 0.76 700
1653390080428 0.76 700
1653390164099 0.86 800
1653390192937 0.86 800
1653390276619 0.97 900
1653390305440 0.97 900
1653390388986 1.08 1000
1653390417827 1.08 1000
1653390510971 1.19 1100
1653390539776 1.19 1100
1653390623632 1.29 1200
1653390652495 1.29 1200
1653390736276 1.4 1300
1653390765109 1.4 1300
1653390848963 1.51 1400
1653390877810 1.51 1400
1653390961688 1.62 1500
1653390990518 1.62 1500
1653391001525 1.62 1500
1653391030227 1.62 1500
