1653389368106 9.333333333333334e-06 100
1653389479451 8.666666666666668e-06 200
1653389591359 8.000000000000001e-06 300
1653389703931 7.333333333333333e-06 400
1653389816548 6.666666666666667e-06 500
1653389938958 6e-06 600
1653390051586 5.333333333333334e-06 700
1653390164099 4.666666666666667e-06 800
1653390276619 4.000000000000001e-06 900
1653390388986 3.3333333333333333e-06 1000
1653390510971 2.666666666666667e-06 1100
1653390623632 2.0000000000000003e-06 1200
1653390736276 1.3333333333333334e-06 1300
1653390848963 6.666666666666667e-07 1400
1653390961688 0.0 1500
