1653392691116 0.11 100
1653392748355 0.11 100
1653392831551 0.22 200
1653392889119 0.22 200
1653392972825 0.32 300
1653393030596 0.32 300
1653393114432 0.43 400
1653393172206 0.43 400
1653393256083 0.54 500
1653393313913 0.54 500
1653393407092 0.65 600
1653393464733 0.65 600
1653393548529 0.76 700
1653393606309 0.76 700
1653393690036 0.86 800
1653393747846 0.86 800
1653393831763 0.97 900
1653393889539 0.97 900
1653393973037 1.08 1000
1653394030806 1.08 1000
1653394123908 1.19 1100
1653394181471 1.19 1100
1653394265131 1.29 1200
1653394322833 1.29 1200
1653394406539 1.4 1300
1653394464265 1.4 1300
1653394547924 1.51 1400
1653394605577 1.51 1400
1653394689351 1.62 1500
1653394747056 1.62 1500
1653394760801 1.62 1500
1653394763857 1.62 1500
