1653392691116 9.333333333333334e-06 100
1653392831551 8.666666666666668e-06 200
1653392972825 8.000000000000001e-06 300
1653393114432 7.333333333333333e-06 400
1653393256083 6.666666666666667e-06 500
1653393407092 6e-06 600
1653393548529 5.333333333333334e-06 700
1653393690036 4.666666666666667e-06 800
1653393831763 4.000000000000001e-06 900
1653393973037 3.3333333333333333e-06 1000
1653394123908 2.666666666666667e-06 1100
1653394265131 2.0000000000000003e-06 1200
1653394406539 1.3333333333333334e-06 1300
1653394547924 6.666666666666667e-07 1400
1653394689351 0.0 1500
