1653303867697 0.11 100
1653303876714 0.11 100
1653303903564 0.22 200
1653303912643 0.22 200
1653303939567 0.32 300
1653303948667 0.32 300
1653303975644 0.43 400
1653303984779 0.43 400
1653304011841 0.54 500
1653304020976 0.54 500
1653304052863 0.65 600
1653304061977 0.65 600
1653304088955 0.76 700
1653304098072 0.76 700
1653304125039 0.86 800
1653304134174 0.86 800
1653304161186 0.97 900
1653304170306 0.97 900
1653304197248 1.08 1000
1653304206368 1.08 1000
1653304238321 1.19 1100
1653304247442 1.19 1100
1653304274470 1.29 1200
1653304283597 1.29 1200
1653304310598 1.4 1300
1653304319727 1.4 1300
1653304346760 1.51 1400
1653304355885 1.51 1400
1653304382925 1.62 1500
1653304392056 1.62 1500
1653304397591 1.62 1500
1653304406723 1.62 1500
