1653303867697 9.333333333333334e-06 100
1653303903564 8.666666666666668e-06 200
1653303939567 8.000000000000001e-06 300
1653303975644 7.333333333333333e-06 400
1653304011841 6.666666666666667e-06 500
1653304052863 6e-06 600
1653304088955 5.333333333333334e-06 700
1653304125039 4.666666666666667e-06 800
1653304161186 4.000000000000001e-06 900
1653304197248 3.3333333333333333e-06 1000
1653304238321 2.666666666666667e-06 1100
1653304274470 2.0000000000000003e-06 1200
1653304310598 1.3333333333333334e-06 1300
1653304346760 6.666666666666667e-07 1400
1653304382925 0.0 1500
