1653306468949 0.36 100
1653306471683 0.36 100
1653306498521 0.72 200
1653306501266 0.72 200
1653306528140 1.08 300
1653306530896 1.08 300
1653306557876 1.43 400
1653306560638 1.43 400
1653306587658 1.79 500
1653306590427 1.79 500
1653306622455 2.15 600
1653306625213 2.15 600
1653306652190 2.51 700
1653306654952 2.51 700
1653306681916 2.87 800
1653306684677 2.87 800
1653306711588 3.23 900
1653306714350 3.23 900
1653306741321 3.58 1000
1653306744087 3.58 1000
1653306776522 3.94 1100
1653306779279 3.94 1100
1653306806175 4.3 1200
1653306808933 4.3 1200
1653306835873 4.66 1300
1653306838633 4.66 1300
1653306865548 5.02 1400
1653306868308 5.02 1400
1653306895259 5.38 1500
1653306898021 5.38 1500
1653306903643 5.38 1500
1653306906415 5.38 1500
