1653306468949 9.333333333333334e-06 100
1653306498521 8.666666666666668e-06 200
1653306528140 8.000000000000001e-06 300
1653306557876 7.333333333333333e-06 400
1653306587658 6.666666666666667e-06 500
1653306622455 6e-06 600
1653306652190 5.333333333333334e-06 700
1653306681916 4.666666666666667e-06 800
1653306711588 4.000000000000001e-06 900
1653306741321 3.3333333333333333e-06 1000
1653306776522 2.666666666666667e-06 1100
1653306806175 2.0000000000000003e-06 1200
1653306835873 1.3333333333333334e-06 1300
1653306865548 6.666666666666667e-07 1400
1653306895259 0.0 1500
