1653307281242 0.36 100
1653307283983 0.36 100
1653307310816 0.72 200
1653307313561 0.72 200
1653307340414 1.08 300
1653307343167 1.08 300
1653307370136 1.43 400
1653307372898 1.43 400
1653307399893 1.79 500
1653307402663 1.79 500
1653307434973 2.15 600
1653307437732 2.15 600
1653307464732 2.51 700
1653307467491 2.51 700
1653307494463 2.87 800
1653307497224 2.87 800
1653307524159 3.23 900
1653307526922 3.23 900
1653307553916 3.58 1000
1653307556677 3.58 1000
1653307588962 3.94 1100
1653307591716 3.94 1100
1653307618646 4.3 1200
1653307621409 4.3 1200
1653307648384 4.66 1300
1653307651142 4.66 1300
1653307678074 5.02 1400
1653307680830 5.02 1400
1653307707804 5.38 1500
1653307710564 5.38 1500
1653307716629 5.38 1500
1653307719397 5.38 1500
