1653307281242 9.333333333333334e-06 100
1653307310816 8.666666666666668e-06 200
1653307340414 8.000000000000001e-06 300
1653307370136 7.333333333333333e-06 400
1653307399893 6.666666666666667e-06 500
1653307434973 6e-06 600
1653307464732 5.333333333333334e-06 700
1653307494463 4.666666666666667e-06 800
1653307524159 4.000000000000001e-06 900
1653307553916 3.3333333333333333e-06 1000
1653307588962 2.666666666666667e-06 1100
1653307618646 2.0000000000000003e-06 1200
1653307648384 1.3333333333333334e-06 1300
1653307678074 6.666666666666667e-07 1400
1653307707804 0.0 1500
