1653309290629 0.02 100
1653309338206 0.02 100
1653309365226 0.04 200
1653309413222 0.04 200
1653309440450 0.06 300
1653309488575 0.06 300
1653309515677 0.08 400
1653309563721 0.08 400
1653309590814 0.1 500
1653309638906 0.1 500
1653309671032 0.12 600
1653309719046 0.12 600
1653309746344 0.14 700
1653309794402 0.14 700
1653309821655 0.17 800
1653309869681 0.17 800
1653309896790 0.19 900
1653309944822 0.19 900
1653309971960 0.21 1000
1653310020001 0.21 1000
1653310051956 0.23 1100
1653310099946 0.23 1100
1653310127075 0.25 1200
1653310175093 0.25 1200
1653310202231 0.27 1300
1653310250274 0.27 1300
1653310277431 0.29 1400
1653310325467 0.29 1400
1653310352696 0.31 1500
1653310400709 0.31 1500
1653310406176 0.31 1500
1653310454176 0.31 1500
