1653309290629 9.333333333333334e-06 100
1653309365226 8.666666666666668e-06 200
1653309440450 8.000000000000001e-06 300
1653309515677 7.333333333333333e-06 400
1653309590814 6.666666666666667e-06 500
1653309671032 6e-06 600
1653309746344 5.333333333333334e-06 700
1653309821655 4.666666666666667e-06 800
1653309896790 4.000000000000001e-06 900
1653309971960 3.3333333333333333e-06 1000
1653310051956 2.666666666666667e-06 1100
1653310127075 2.0000000000000003e-06 1200
1653310202231 1.3333333333333334e-06 1300
1653310277431 6.666666666666667e-07 1400
1653310352696 0.0 1500
